Mean: 246.41644288091467
Stdev: 82.50522213782517