Mean: 234.29027132203072
Stdev: 111.84064879998739